Лексема: 0
Stack: 1 18 

Лексема: 10
Stack: 2 16 18 

Лексема: 1
Stack: 5 8 12 8 5 5 14 5 20 0 0 0 0 4 16 18 

Лексема: 1
Stack: 6 2 9 0 8 12 8 5 5 14 5 20 0 0 0 0 4 16 18 

Лексема: 1
Stack: 7 2 10 0 2 9 0 8 12 8 5 5 14 5 20 0 0 0 0 4 16 18 

Лексема: 1
Stack: 8 2 11 0 2 10 0 2 9 0 8 12 8 5 5 14 5 20 0 0 0 0 4 16 18 

Лексема: 2
Stack: 11 167 2 10 0 2 9 0 8 12 8 5 5 14 5 20 0 0 0 0 4 16 18 

Лексема: 2
Stack: 10 167 2 9 0 8 12 8 5 5 14 5 20 0 0 0 0 4 16 18 

Лексема: 2
Stack: 9 167 8 12 8 5 5 14 5 20 0 0 0 0 4 16 18 

Лексема: 2
Stack: 12 8 5 5 14 5 20 167 0 0 0 4 16 18 

Лексема: 1
Stack: 5 5 14 5 20 167 0 5 0 4 16 18 

Лексема: 1
Stack: 6 2 9 0 5 14 5 20 167 0 5 0 4 16 18 

Лексема: 1
Stack: 7 2 10 0 2 9 0 5 14 5 20 167 0 5 0 4 16 18 

Лексема: 1
Stack: 8 2 11 0 2 10 0 2 9 0 5 14 5 20 167 0 5 0 4 16 18 

Лексема: 16
Stack: 11 286 2 10 0 2 9 0 5 14 5 20 167 0 5 0 4 16 18 

Лексема: 16
Stack: 10 286 2 9 0 5 14 5 20 167 0 5 0 4 16 18 

Лексема: 16
Stack: 9 286 5 14 5 20 167 0 5 0 4 16 18 

Лексема: 1
Stack: 6 3 27 286 0 288 9 288 5 14 5 20 167 0 5 0 4 16 18 

Лексема: 1
Stack: 7 2 10 0 3 27 286 0 288 9 288 5 14 5 20 167 0 5 0 4 16 18 

Лексема: 1
Stack: 8 2 11 0 2 10 0 3 27 286 0 288 9 288 5 14 5 20 167 0 5 0 4 16 18 

Лексема: 6
Stack: 11 133 2 10 0 3 27 286 0 288 9 288 5 14 5 20 167 0 5 0 4 16 18 

Лексема: 6
Stack: 10 133 3 27 286 0 288 9 288 5 14 5 20 167 0 5 0 4 16 18 

Лексема: 6
Stack: 27 286 133 288 9 288 5 14 5 20 167 0 5 0 4 16 18 

Лексема: 6
Stack: 9 288 5 14 5 20 167 0 5 0 4 16 18 

Лексема: 6
Stack: 14 5 20 167 288 5 0 4 16 18 

Лексема: 0
Stack: 20 167 288 5 41 4 16 18 

Лексема: 0
Stack: 4 16 18 

Лексема: 12
Stack: 2 16 18 

Лексема: 12
Stack: 16 18 

Лексема: 22
Stack: 18 

